Rank	Player	G	REC	YDS	Y/R	YBC	YBC/R	AIR	AIR/R	YAC	YAC/R	YACON	YACON/R	BRKTKL	TGT	% TM	CATCHABLE	DROP	RZ TGT	10+ YDS	20+ YDS	30+ YDS	40+ YDS	50+ YDS	LNG
1	Brock Bowers (LV)	12	84	884	10.5	439	5.2	636	7.6	445	5.3	116	1.4	5	113	27.1%	87	3	10	35	11	2	1	1	57
2	George Kittle (SF)	10	50	649	13.0	390	7.8	503	10.1	259	5.2	109	2.2	2	61	17.9%	52	2	15	27	11	5	2	0	43
3	Mark Andrews (BAL)	13	43	490	11.4	360	8.4	490	11.4	130	3.0	40	0.9	0	51	14.0%	46	3	10	25	4	1	0	0	38
4	Trey McBride (ARI)	11	73	781	10.7	449	6.2	619	8.5	332	4.5	117	1.6	4	92	26.4%	75	2	11	33	6	1	0	0	37
5	Jonnu Smith (MIA)	12	58	648	11.2	303	5.2	418	7.2	345	5.9	90	1.6	6	74	18.9%	63	5	10	34	2	2	1	1	57
6	Tucker Kraft (GB)	12	36	480	13.3	136	3.8	227	6.3	344	9.6	170	4.7	8	49	14.5%	41	5	13	18	5	2	2	2	67
7	Taysom Hill (NO)	8	23	187	8.1	50	2.2	109	4.7	137	6.0	54	2.3	2	31	8.7%	25	2	2	6	2	1	0	0	34
8	Zach Ertz (WAS)	13	52	501	9.6	375	7.2	559	10.8	126	2.4	35	0.7	0	75	20.2%	55	3	15	20	6	0	0	0	25
9	Travis Kelce (KC)	12	75	637	8.5	377	5.0	633	8.4	260	3.5	78	1.0	3	101	25.1%	79	4	18	22	8	1	0	0	38
10	Cade Otton (TB)	12	54	506	9.4	255	4.7	385	7.1	251	4.6	106	2.0	3	80	19.9%	62	8	14	18	5	1	0	0	30
11	Sam LaPorta (DET)	11	31	391	12.6	182	5.9	283	9.1	209	6.7	61	2.0	2	44	13.3%	31	0	9	13	7	3	1	1	52
12	David Njoku (CLE)	9	49	397	8.1	198	4.0	343	7.0	199	4.1	66	1.3	3	74	16.2%	56	8	10	14	3	0	0	0	29
13	Kyle Pitts (ATL)	12	35	494	14.1	267	7.6	452	12.9	227	6.5	97	2.8	3	54	13.9%	37	2	7	17	6	5	3	2	52
14	Hunter Henry (NE)	13	58	610	10.5	369	6.4	594	10.2	241	4.2	83	1.4	2	83	21.0%	60	2	13	28	4	3	0	0	35
15	Cole Kmet (CHI)	12	42	448	10.7	284	6.8	384	9.1	164	3.9	45	1.1	1	50	13.0%	43	1	7	18	7	1	0	0	31
16	Pat Freiermuth (PIT)	12	41	422	10.3	221	5.4	257	6.3	201	4.9	87	2.1	3	47	14.4%	43	2	7	14	5	1	0	0	30
17	Noah Gray (KC)	12	31	373	12.0	193	6.2	257	8.3	180	5.8	33	1.1	0	36	9.0%	31	0	6	19	6	1	0	0	35
18	Isaiah Likely (BAL)	12	33	384	11.6	157	4.8	380	11.5	227	6.9	69	2.1	2	47	12.9%	34	2	11	14	4	2	2	0	49
19	Dallas Goedert (PHI)	9	38	441	12.2	231	5.9	329	8.4	244	6.3	71	1.8	2	46	16.2%	40	1	9	15	7	5	2	1	61
20	Mike Gesicki (CIN)	12	39	436	11.2	279	7.2	448	11.5	157	4.0	23	0.6	0	52	12.2%	42	2	7	19	5	2	1	0	47
21	Austin Hooper (NE)	13	31	337	10.9	163	5.3	234	7.5	174	5.6	58	1.9	3	42	10.6%	33	1	6	12	3	1	0	0	38
22	Dalton Schultz (HOU)	13	41	424	10.3	255	6.2	533	13.0	169	4.1	47	1.1	0	64	15.0%	43	2	4	16	4	1	0	0	32
23	Dalton Kincaid (BUF)	10	34	356	10.5	145	4.3	427	12.6	211	6.2	85	2.5	3	59	17.3%	40	6	8	14	4	0	0	0	28
24	Will Dissly (LAC)	12	41	399	9.7	159	3.9	273	6.7	240	5.9	75	1.8	4	53	16.3%	45	4	6	16	5	0	0	0	29
25	Juwan Johnson (NO)	12	30	313	10.4	193	6.4	298	9.9	120	4.0	33	1.1	2	39	11.0%	32	2	4	14	5	0	0	0	27
26	Tyler Conklin (NYJ)	12	33	284	8.6	127	3.8	236	7.2	157	4.8	49	1.5	0	49	11.8%	34	1	6	11	5	0	0	0	27
27	Foster Moreau (NO)	12	17	223	13.1	159	9.4	269	15.8	64	3.8	13	0.8	1	25	7.0%	17	0	6	8	4	2	1	0	41
28	Josh Oliver (MIN)	10	19	216	11.4	119	6.3	186	9.8	97	5.1	19	1.0	0	22	6.5%	20	1	3	9	4	0	0	0	28
29	Evan Engram (JAC)	8	43	332	7.7	198	4.6	334	7.8	134	3.1	37	0.9	0	58	16.0%	46	3	3	14	2	0	0	0	24
30	Theo Johnson (NYG)	12	29	331	11.4	182	6.3	288	9.9	149	5.1	29	1.0	1	43	11.1%	34	5	1	15	4	1	0	0	35
31	Chig Okonkwo (TEN)	12	27	289	10.7	134	5.0	223	8.3	155	5.7	68	2.5	0	38	10.9%	30	3	4	9	3	1	1	1	70
32	Ja'Tavion Sanders (CAR)	11	29	302	10.4	133	4.6	183	6.3	169	5.8	56	1.9	1	35	9.3%	31	2	4	12	5	1	1	0	46
33	Brenton Strange (JAC)	12	22	235	10.7	118	5.4	217	9.9	117	5.3	63	2.9	2	31	8.6%	25	3	5	9	5	1	0	0	30
34	Jake Ferguson (DAL)	9	43	369	8.6	140	3.3	244	5.7	229	5.3	91	2.1	5	58	12.4%	44	1	3	14	4	0	0	0	27
35	Colby Parkinson (LAR)	12	26	256	9.8	120	4.6	218	8.4	136	5.2	29	1.1	1	40	10.1%	28	2	7	9	2	0	0	0	23
36	Noah Fant (SEA)	9	30	311	10.4	160	5.3	176	5.9	151	5.0	47	1.6	2	36	8.6%	31	1	2	16	2	0	0	0	28
37	AJ Barner (SEA)	12	21	180	8.6	66	3.1	92	4.4	114	5.4	36	1.7	1	27	6.5%	23	2	4	8	1	0	0	0	20
38	Dawson Knox (BUF)	12	16	238	14.9	166	10.4	248	15.5	72	4.5	24	1.5	0	24	7.0%	17	1	2	8	6	2	0	0	39
39	Jordan Akins (CLE)	12	23	229	10.0	146	6.3	204	8.9	83	3.6	26	1.1	1	35	7.6%	24	2	4	10	2	0	0	0	21
40	Elijah Higgins (ARI)	12	17	144	8.5	77	4.5	86	5.1	67	3.9	24	1.4	1	19	5.5%	18	1	3	6	1	0	0	0	23
41	Luke Schoonmaker (DAL)	12	22	200	9.1	125	5.7	179	8.1	75	3.4	26	1.2	0	31	6.6%	22	0	1	7	3	0	0	0	24
42	Johnny Mundt (MIN)	12	18	135	7.5	57	3.2	113	6.3	78	4.3	12	0.7	1	25	7.4%	20	2	5	5	1	0	0	0	20
43	T.J. Hockenson (MIN)	5	23	254	11.0	177	7.7	238	10.3	77	3.3	17	0.7	0	31	9.2%	24	1	4	8	4	1	0	0	34
44	Darnell Washington (PIT)	12	18	192	10.7	69	3.8	98	5.4	123	6.8	51	2.8	2	23	7.1%	18	0	2	8	3	0	0	0	29
45	Brock Wright (DET)	12	13	100	7.7	25	1.9	56	4.3	75	5.8	17	1.3	1	15	4.5%	13	0	5	5	0	0	0	0	16
46	Adam Trautman (DEN)	13	9	158	17.6	68	7.6	88	9.8	90	10.0	3	0.3	0	16	3.8%	10	1	3	7	2	2	0	0	37
47	Grant Calcaterra (PHI)	12	17	216	12.7	100	5.9	140	8.2	116	6.8	10	0.6	0	20	7.0%	17	0	0	9	4	1	0	0	34
48	Nick Vannett (TEN)	12	12	90	7.5	22	1.8	20	1.7	68	5.7	15	1.3	0	15	4.3%	12	0	3	2	1	0	0	0	24
49	Charlie Kolar (BAL)	12	9	131	14.6	55	6.1	69	7.7	76	8.4	5	0.6	0	11	3.0%	9	0	1	3	2	2	1	1	55
50	Mo Alie-Cox (IND)	13	11	132	12.0	92	8.4	161	14.6	40	3.6	13	1.2	0	18	4.9%	12	1	5	6	2	0	0	0	22
51	Cade Stover (HOU)	13	14	132	9.4	41	2.9	104	7.4	91	6.5	34	2.4	2	20	4.7%	15	1	3	7	1	0	0	0	27
52	Nate Adkins (DEN)	13	7	50	7.1	27	3.9	50	7.1	23	3.3	0	0.0	0	8	1.9%	7	0	2	2	0	0	0	0	16
53	Erick All Jr. (CIN)	9	20	158	7.9	71	3.6	74	3.7	87	4.4	22	1.1	1	22	5.2%	21	1	1	5	1	0	0	0	28
54	Tanner Hudson (CIN)	8	16	115	7.2	44	2.8	85	5.3	71	4.4	22	1.4	0	20	4.7%	17	1	3	4	0	0	0	0	13
55	Josh Whyle (TEN)	12	16	151	9.4	58	3.6	125	7.8	93	5.8	26	1.6	1	22	6.3%	16	1	2	7	2	1	0	0	33
56	Drew Ogletree (IND)	13	8	88	11.0	47	5.9	117	14.6	41	5.1	12	1.5	0	12	3.3%	9	1	3	4	2	0	0	0	22
57	Tommy Tremble (CAR)	7	15	154	10.3	77	5.1	131	8.7	77	5.1	30	2.0	0	22	5.8%	16	1	1	5	2	1	0	0	38
58	Lucas Krull (DEN)	9	13	120	9.2	75	5.8	108	8.3	45	3.5	15	1.2	1	17	4.1%	13	0	0	6	1	0	0	0	23
59	Drew Sample (CIN)	12	11	59	5.4	21	1.9	27	2.5	38	3.5	10	0.9	0	13	3.0%	11	0	1	1	0	0	0	0	12
60	Blake Whiteheart (CLE)	6	4	42	10.5	38	9.5	45	11.3	4	1.0	0	0.0	0	5	1.1%	4	0	2	1	1	0	0	0	29
61	Kylen Granson (IND)	13	7	94	13.4	53	7.6	257	36.7	41	5.9	5	0.7	0	19	5.1%	8	1	2	3	2	1	1	0	40
62	Connor Heyward (PIT)	12	4	29	7.3	22	5.5	56	14.0	7	1.8	0	0.0	0	6	1.8%	6	2	1	1	0	0	0	0	16
63	Kenny Yeboah (NYJ)	4	3	27	9.0	0	0.0	0	0.0	27	9.0	1	0.3	0	3	0.7%	3	0	1	2	0	0	0	0	12
64	Harrison Bryant (LV)	8	9	86	9.6	15	1.7	41	4.6	71	7.9	21	2.3	2	12	2.9%	9	0	0	4	0	0	0	0	18
65	Julian Hill (MIA)	11	11	86	7.8	36	3.3	114	10.4	50	4.5	20	1.8	2	17	4.3%	13	2	5	4	0	0	0	0	17
66	Brevyn Spann-Ford (DAL)	12	8	86	10.8	34	4.3	81	10.1	52	6.5	9	1.1	0	13	2.8%	8	0	2	4	0	0	0	0	18
67	Ben Sinnott (WAS)	13	4	21	5.3	6	1.5	6	1.5	15	3.8	5	1.3	0	4	1.1%	4	0	1	1	0	0	0	0	12
68	Jeremy Ruckert (NYJ)	12	14	76	5.4	13	0.9	52	3.7	63	4.5	17	1.2	0	20	4.8%	15	1	3	3	0	0	0	0	12
69	Eric Saubert (SF)	12	5	74	14.8	43	8.6	63	12.6	31	6.2	2	0.4	0	7	2.1%	6	1	0	4	0	0	0	0	17
70	Hayden Hurst (LAC)	7	7	65	9.3	48	6.9	57	8.1	17	2.4	5	0.7	0	12	3.7%	9	2	3	1	1	0	0	0	27
71	Luke Farrell (JAC)	12	9	55	6.1	27	3.0	70	7.8	28	3.1	14	1.6	1	13	3.6%	10	1	1	1	0	0	0	0	11
72	Stone Smartt (LAC)	10	3	44	14.7	25	8.3	58	19.3	19	6.3	3	1.0	0	5	1.5%	4	1	0	2	1	1	0	0	31
73	John Bates (WAS)	13	6	64	10.7	26	4.3	24	4.0	38	6.3	12	2.0	1	9	2.4%	7	1	0	2	1	0	0	0	20
74	Hunter Long (LAR)	12	5	43	8.6	23	4.6	21	4.2	20	4.0	7	1.4	0	6	1.5%	5	0	0	1	0	0	0	0	18
75	Michael Mayer (LV)	6	8	42	5.3	30	3.8	59	7.4	12	1.5	2	0.3	0	14	3.4%	9	1	4	1	0	0	0	0	11
76	MyCole Pruitt (PIT)	7	4	40	10.0	26	6.5	28	7.0	14	3.5	8	2.0	0	7	2.1%	4	0	0	2	0	0	0	0	18
77	Durham Smythe (MIA)	12	7	40	5.7	27	3.9	70	10.0	13	1.9	1	0.1	0	12	3.1%	8	1	2	0	0	0	0	0	8
78	Ben Sims (GB)	12	3	40	13.3	25	8.3	39	13.0	15	5.0	1	0.3	0	4	1.2%	3	0	1	2	1	0	0	0	28
79	Davis Allen (LAR)	9	6	39	6.5	18	3.0	31	5.2	21	3.5	6	1.0	0	12	3.0%	8	2	5	2	0	0	0	0	13
80	Pharaoh Brown (SEA)	10	5	38	7.6	19	3.8	32	6.4	19	3.8	9	1.8	1	8	1.9%	6	1	0	1	0	0	0	0	13
81	Daniel Bellinger (NYG)	12	3	31	10.3	22	7.3	22	7.3	9	3.0	2	0.7	0	3	0.8%	3	0	0	2	0	0	0	0	17
82	Gerald Everett (CHI)	12	7	30	4.3	-7	-1.0	17	2.4	37	5.3	11	1.6	2	11	2.9%	8	1	1	1	0	0	0	0	17
83	Will Mallory (IND)	8	4	29	7.3	25	6.3	69	17.3	4	1.0	2	0.5	1	7	1.9%	4	0	0	1	0	0	0	0	10
84	Greg Dulcich (NYG)	4	5	28	5.6	13	2.6	71	14.2	15	3.0	4	0.8	0	12	2.9%	7	2	1	0	0	0	0	0	9
85	Peyton Hendershot (KC)	5	3	26	8.7	11	3.7	11	3.7	15	5.0	4	1.3	0	3	0.7%	3	0	1	1	0	0	0	0	11
86	Charlie Woerner (ATL)	11	3	22	7.3	10	3.3	7	2.3	12	4.0	2	0.7	0	5	1.3%	3	0	0	1	0	0	0	0	13
87	Luke Musgrave (GB)	4	5	22	4.4	7	1.4	40	8.0	15	3.0	3	0.6	0	7	2.1%	5	0	0	0	0	0	0	0	6
88	Tanner Conner (MIA)	7	3	16	5.3	11	3.7	46	15.3	5	1.7	2	0.7	0	4	1.0%	3	0	1	1	0	0	0	0	11
89	Tip Reiman (ARI)	12	3	15	5.0	7	2.3	7	2.3	8	2.7	6	2.0	1	3	0.9%	3	0	0	0	0	0	0	0	9
90	Tucker Fisk (LAC)	4	3	14	4.7	4	1.3	6	2.0	10	3.3	1	0.3	0	4	1.2%	3	0	1	0	0	0	0	0	7
91	Eric Tomlinson (LAC)	8	2	9	4.5	-3	-1.5	8	4.0	12	6.0	5	2.5	1	4	1.2%	4	1	1	0	0	0	0	0	7
92	Ian Thomas (CAR)	5	3	7	2.3	1	0.3	25	8.3	6	2.0	1	0.3	0	6	1.6%	4	1	1	0	0	0	0	0	3