Rank	Player	G	REC	YDS	Y/R	YBC	YBC/R	AIR	AIR/R	YAC	YAC/R	YACON	YACON/R	BRKTKL	TGT	% TM	CATCHABLE	DROP	RZ TGT	10+ YDS	20+ YDS	30+ YDS	40+ YDS	50+ YDS	LNG
1	Ja'Marr Chase (CIN)	12	79	1,142	14.5	604	7.6	1,028	13.0	538	6.8	199	2.5	7	109	25.5%	84	5	20	39	14	10	7	4	70
2	Terry McLaurin (WAS)	13	61	896	14.7	649	10.6	1,117	18.3	247	4.0	96	1.6	2	82	22.0%	62	1	10	33	10	5	5	5	86
3	Amon-Ra St. Brown (DET)	12	76	820	10.8	559	7.4	758	10.0	261	3.4	64	0.8	1	92	27.8%	79	3	16	33	9	1	0	0	35
4	Justin Jefferson (MIN)	12	68	1,038	15.3	733	10.8	1,141	16.8	305	4.5	77	1.1	4	100	29.6%	71	3	14	39	20	5	3	1	97
5	Jayden Reed (GB)	12	44	693	15.8	374	8.5	499	11.3	319	7.3	75	1.7	3	58	17.2%	51	7	8	19	12	8	5	3	70
6	Brian Thomas Jr. (JAC)	12	46	765	16.6	441	9.6	958	20.8	324	7.0	115	2.5	0	73	20.2%	51	5	8	27	10	5	4	4	85
7	CeeDee Lamb (DAL)	12	79	880	11.1	508	6.4	974	12.3	372	4.7	176	2.2	9	124	26.5%	86	7	12	31	11	4	2	2	65
8	Courtland Sutton (DEN)	13	63	846	13.4	696	11.0	1,399	22.2	150	2.4	27	0.4	1	104	24.9%	69	6	17	34	14	4	0	0	37
9	Drake London (ATL)	12	70	796	11.4	588	8.4	1,130	16.1	208	3.0	93	1.3	3	106	27.3%	73	3	19	38	4	1	0	0	31
10	Zay Flowers (BAL)	13	60	863	14.4	460	7.7	915	15.3	403	6.7	96	1.6	5	94	25.8%	64	4	7	37	17	3	3	1	53
11	Jerry Jeudy (CLE)	12	54	880	16.3	630	11.7	1,187	22.0	250	4.6	17	0.3	0	91	19.9%	59	5	8	36	10	7	3	2	89
12	Jaxon Smith-Njigba (SEA)	12	70	829	11.8	478	6.8	877	12.5	351	5.0	80	1.1	3	97	23.2%	74	4	9	33	11	3	2	0	46
13	Nico Collins (HOU)	8	49	832	17.0	520	10.6	774	15.8	312	6.4	102	2.1	2	72	16.9%	52	3	9	33	12	6	4	3	67
14	Garrett Wilson (NYJ)	12	74	763	10.3	456	6.2	1,079	14.6	307	4.1	105	1.4	3	118	28.5%	78	5	18	29	11	1	0	0	35
15	Ladd McConkey (LAC)	12	58	815	14.1	553	9.5	833	14.4	262	4.5	84	1.4	6	81	24.9%	60	2	6	37	10	4	2	1	60
16	A.J. Brown (PHI)	9	44	793	18.0	537	12.2	834	19.0	256	5.8	103	2.3	6	62	21.8%	44	0	4	34	13	5	4	1	67
17	Darnell Mooney (ATL)	12	51	731	14.2	530	10.2	1,068	20.5	207	4.0	73	1.4	6	87	22.4%	58	6	6	32	16	5	1	0	41
18	DJ Moore (CHI)	12	62	663	10.7	311	5.0	830	13.4	352	5.7	91	1.5	4	96	24.9%	64	2	15	27	9	5	1	0	44
19	Marvin Harrison Jr. (ARI)	12	41	606	14.8	513	12.5	1,073	26.2	93	2.3	42	1.0	0	78	22.4%	45	4	7	28	9	2	1	1	60
20	George Pickens (PIT)	12	55	850	15.5	651	11.8	1,183	21.5	199	3.6	94	1.7	4	90	27.6%	61	5	16	30	16	12	3	0	44
21	Alec Pierce (IND)	13	29	645	22.2	547	18.9	1,177	40.6	98	3.4	17	0.6	0	54	14.6%	32	3	4	23	10	8	5	3	65
22	Tyreek Hill (MIA)	12	55	654	11.9	427	7.8	935	17.0	227	4.1	37	0.7	1	83	21.2%	56	1	13	28	9	3	1	1	80
23	Mike Evans (TB)	9	39	521	13.4	405	10.4	699	17.9	116	3.0	39	1.0	1	63	15.6%	42	3	10	27	8	0	0	0	27
24	Calvin Ridley (TEN)	12	43	679	15.8	536	12.5	1,398	32.5	143	3.3	26	0.6	2	87	24.9%	48	5	3	27	11	6	4	1	63
25	Jameson Williams (DET)	10	34	630	18.5	311	9.1	706	20.8	319	9.4	30	0.9	2	55	16.6%	36	2	7	19	12	6	4	4	70
26	Jauan Jennings (SF)	10	50	684	13.7	511	10.2	672	13.4	173	3.5	95	1.9	4	70	20.5%	53	3	12	31	11	6	1	0	45
27	Malik Nabers (NYG)	10	75	740	9.9	509	6.8	1,094	14.6	231	3.1	81	1.1	3	116	30.0%	84	9	6	30	8	1	0	0	39
28	DK Metcalf (SEA)	10	50	763	15.3	549	11.0	1,082	21.6	214	4.3	66	1.3	2	84	20.1%	54	4	7	30	15	6	2	2	71
29	Jordan Addison (MIN)	10	36	575	16.0	443	12.3	810	22.5	132	3.7	65	1.8	2	56	16.6%	38	2	7	20	10	4	4	2	69
30	Chris Godwin (TB)	8	50	576	11.5	226	4.5	355	7.1	350	7.0	128	2.6	4	62	15.4%	52	2	6	23	7	2	2	1	55
31	Cooper Kupp (LAR)	8	58	565	9.7	328	5.7	597	10.3	237	4.1	56	1.0	2	83	20.9%	60	2	9	16	7	1	1	1	69
32	Rashod Bateman (BAL)	13	35	574	16.4	444	12.7	739	21.1	130	3.7	27	0.8	0	55	15.1%	39	4	5	23	7	4	3	1	59
33	Tee Higgins (CIN)	7	43	558	13.0	386	9.0	686	16.0	172	4.0	101	2.3	4	68	15.9%	45	2	12	25	8	2	1	0	42
34	Demarcus Robinson (LAR)	12	28	433	15.5	379	13.5	737	26.3	54	1.9	16	0.6	1	53	13.3%	28	0	10	18	7	4	2	0	46
35	Josh Downs (IND)	10	53	594	11.2	345	6.5	605	11.4	249	4.7	63	1.2	0	78	21.1%	57	4	11	27	7	2	1	1	69
36	Nick Westbrook-Ikhine (TEN)	12	20	365	18.3	260	13.0	467	23.4	105	5.3	21	1.1	1	38	10.9%	23	3	6	13	4	3	1	1	98
37	Jakobi Meyers (LV)	10	59	676	11.5	476	8.1	735	12.5	200	3.4	49	0.8	2	86	20.6%	60	1	9	30	8	2	1	0	43
38	Xavier Worthy (KC)	12	33	407	12.3	186	5.6	714	21.6	221	6.7	36	1.1	0	61	15.2%	37	4	8	17	3	3	1	1	54
39	DeVonta Smith (PHI)	9	41	516	12.6	330	8.0	581	14.2	186	4.5	42	1.0	0	56	19.7%	42	1	6	17	7	3	3	0	46
40	Khalil Shakir (BUF)	11	60	629	10.5	149	2.5	285	4.8	480	8.0	161	2.7	6	73	21.4%	61	1	6	26	7	3	1	1	52
41	Stefon Diggs (HOU)	8	47	496	10.6	311	6.6	556	11.8	185	3.9	54	1.1	3	64	15.0%	50	3	5	23	5	1	1	0	49
42	Jaylen Waddle (MIA)	12	45	601	13.4	419	9.3	569	12.6	182	4.0	33	0.7	0	60	15.3%	52	7	5	31	10	2	1	1	63
43	Keenan Allen (CHI)	10	44	441	10.0	306	7.0	727	16.5	135	3.1	37	0.8	0	79	20.5%	47	4	9	17	4	2	1	0	40
44	DeAndre Hopkins (KC)	12	41	498	12.1	417	10.2	593	14.5	81	2.0	31	0.8	3	57	16.3%	43	2	9	22	6	4	0	0	35
45	Davante Adams (NYJ)	9	49	553	11.3	347	7.1	710	14.5	206	4.2	77	1.6	3	85	20.4%	52	3	12	25	8	2	0	0	37
46	Quentin Johnston (LAC)	10	24	366	15.3	192	8.0	573	23.9	174	7.3	44	1.8	4	46	14.2%	29	5	5	11	7	1	1	1	66
47	Allen Lazard (NYJ)	7	30	412	13.7	291	9.7	476	15.9	121	4.0	63	2.1	0	44	10.6%	33	3	10	17	7	2	1	1	52
48	Deebo Samuel Sr. (SF)	11	38	531	13.6	231	5.9	449	11.5	301	7.7	157	4.0	3	61	17.9%	44	5	10	20	8	4	3	2	76
49	Tank Dell (HOU)	12	43	543	12.6	393	9.1	857	19.9	150	3.5	39	0.9	3	72	16.9%	49	6	8	23	7	3	1	1	50
50	Jalen Tolbert (DAL)	12	39	451	11.6	368	9.4	749	19.2	83	2.1	23	0.6	0	61	13.0%	40	1	9	15	5	3	1	0	48
51	Puka Nacua (LAR)	7	42	546	13.0	274	6.5	572	13.6	272	6.5	95	2.3	6	61	15.3%	43	1	6	26	6	1	0	0	37
52	Calvin Austin III (PIT)	12	22	383	17.4	263	12.0	479	21.8	120	5.5	25	1.1	1	38	11.7%	24	2	2	13	8	3	2	1	55
53	Michael Pittman Jr. (IND)	12	46	550	12.0	359	7.8	968	21.0	191	4.2	87	1.9	3	79	21.4%	47	1	8	22	10	3	0	0	33
54	Xavier Legette (CAR)	12	37	393	10.6	309	8.4	679	18.4	84	2.3	30	0.8	0	59	15.6%	44	6	10	16	6	2	0	0	35
55	Tre Tucker (LV)	12	36	425	11.8	238	6.6	639	17.8	187	5.2	49	1.4	3	57	13.7%	37	1	4	16	5	2	2	2	58
56	Tyler Lockett (SEA)	12	41	511	12.5	402	9.8	643	15.7	109	2.7	32	0.8	1	62	14.8%	45	4	7	20	6	3	0	0	37
57	Rome Odunze (CHI)	12	41	543	13.2	360	8.8	1,079	26.3	183	4.5	42	1.0	4	76	19.7%	44	3	10	25	6	2	2	0	47
58	Keon Coleman (BUF)	9	22	417	19.0	226	10.3	469	21.3	191	8.7	116	5.3	4	36	10.6%	25	3	6	16	10	3	3	1	57
59	Andrei Iosivas (CIN)	12	23	309	13.4	280	12.2	510	22.2	29	1.3	11	0.5	0	42	9.8%	27	4	7	15	4	1	0	0	39
60	Romeo Doubs (GB)	10	34	483	14.2	390	11.5	679	20.0	93	2.7	25	0.7	2	53	15.7%	40	6	6	24	7	1	0	0	39
61	Rashid Shaheed (NO)	6	20	349	16.7	244	11.6	722	34.4	107	5.1	7	0.3	0	41	11.5%	21	0	2	11	5	3	3	2	70
62	Christian Watson (GB)	11	22	450	20.5	346	15.7	716	32.5	104	4.7	15	0.7	0	38	11.2%	23	1	5	15	8	6	4	1	60
63	Wan'Dale Robinson (NYG)	12	63	447	7.1	214	3.4	390	6.2	233	3.7	89	1.4	4	91	23.5%	67	4	10	15	2	0	0	0	23
64	Michael Wilson (ARI)	12	37	416	11.2	338	9.1	634	17.1	78	2.1	37	1.0	1	55	15.8%	39	2	6	18	8	2	0	0	34
65	Ray-Ray McCloud III (ATL)	12	45	476	10.6	243	5.4	418	9.3	233	5.2	94	2.1	1	61	15.7%	45	0	3	20	6	1	1	1	60
66	DeMario Douglas (NE)	13	52	497	9.4	187	3.5	430	8.1	310	5.8	86	1.6	2	70	17.7%	58	5	3	18	7	1	0	0	35
67	Amari Cooper (BUF)	10	34	386	11.4	303	8.9	788	23.2	83	2.4	24	0.7	1	66	14.4%	45	11	5	17	5	1	0	0	30
68	KaVontae Turpin (DAL)	12	25	328	13.1	121	4.8	296	11.8	207	8.3	63	2.5	2	37	7.9%	27	2	6	11	5	3	1	1	64
69	Diontae Johnson (BAL)	11	31	363	11.7	276	8.9	691	22.3	87	2.8	23	0.7	1	63	16.7%	34	3	10	16	5	2	0	0	39
70	Darius Slayton (NYG)	11	34	477	14.0	392	11.5	758	22.3	85	2.5	45	1.3	3	58	15.0%	38	4	4	20	6	4	2	0	43
71	Jalen Nailor (MIN)	12	18	270	15.0	202	11.2	348	19.3	68	3.8	24	1.3	0	30	8.9%	22	4	7	12	5	2	0	0	33
72	Cedric Tillman (CLE)	11	29	339	11.7	235	8.1	546	18.8	104	3.6	39	1.3	4	49	10.7%	32	3	5	14	6	1	0	0	38
73	Noah Brown (WAS)	11	35	453	12.9	370	10.6	658	18.8	83	2.4	36	1.0	0	56	15.1%	40	5	3	20	4	3	1	1	52
74	Elijah Moore (CLE)	12	50	447	8.9	341	6.8	726	14.5	106	2.1	29	0.6	1	77	16.8%	53	4	5	16	3	2	1	0	44
75	Marquez Valdes-Scantling (NO)	10	10	263	26.3	161	16.1	392	39.2	102	10.2	15	1.5	0	20	5.9%	10	0	1	6	4	3	3	2	71
76	Joshua Palmer (LAC)	11	24	414	17.3	342	14.3	652	27.2	72	3.0	19	0.8	0	41	12.6%	27	3	5	19	8	2	1	0	45
77	Dontayvion Wicks (GB)	12	21	247	11.8	164	7.8	590	28.1	83	4.0	23	1.1	3	51	15.1%	29	8	8	10	3	2	0	0	36
78	Mack Hollins (BUF)	12	19	231	12.2	180	9.5	421	22.2	51	2.7	8	0.4	0	32	9.4%	22	3	5	10	2	1	1	0	44
79	Tutu Atwell (LAR)	12	32	462	14.4	359	11.2	550	17.2	103	3.2	14	0.4	0	47	11.8%	34	2	2	20	8	1	1	1	50
80	Chris Olave (NO)	8	32	400	12.5	279	8.7	455	14.2	121	3.8	31	1.0	1	44	12.4%	34	2	5	19	4	1	0	0	39
81	Christian Kirk (JAC)	8	27	379	14.0	266	9.9	644	23.9	113	4.2	37	1.4	1	47	13.0%	28	1	5	14	7	3	1	1	61
82	Devaughn Vele (DEN)	9	33	377	11.4	267	8.1	371	11.2	110	3.3	39	1.2	0	45	10.8%	35	2	5	14	6	2	0	0	37
83	Kayshon Boutte (NE)	11	25	330	13.2	265	10.6	640	25.6	65	2.6	23	0.9	1	44	11.1%	28	3	3	12	6	3	1	0	40
84	Marvin Mims Jr. (DEN)	13	19	267	14.1	13	0.7	315	16.6	254	13.4	19	1.0	0	30	7.2%	21	2	3	6	3	3	1	1	93
85	Rashee Rice (KC)	4	24	288	12.0	102	4.3	156	6.5	186	7.8	63	2.6	4	29	7.2%	25	1	2	13	3	2	1	0	44
86	Adam Thielen (CAR)	5	19	265	13.9	182	9.6	264	13.9	83	4.4	18	0.9	0	26	6.9%	21	2	3	11	4	3	0	0	36
87	Kalif Raymond (DET)	11	16	204	12.8	73	4.6	171	10.7	131	8.2	7	0.4	0	21	6.3%	16	0	1	7	3	1	0	0	38
88	Brandon Aiyuk (SF)	7	25	374	14.4	267	10.3	572	22.0	107	4.1	57	2.2	2	47	13.8%	30	4	6	17	5	2	1	1	53
89	Parker Washington (JAC)	12	16	221	13.8	171	10.7	348	21.8	50	3.1	23	1.4	1	30	8.3%	17	1	4	11	4	1	0	0	30
90	Sterling Shepard (TB)	10	25	224	9.0	145	5.8	346	13.8	79	3.2	19	0.8	0	39	9.7%	27	2	5	7	2	1	0	0	30
91	Troy Franklin (DEN)	12	21	218	10.4	102	4.9	618	29.4	116	5.5	25	1.2	1	41	9.8%	22	1	4	7	5	1	0	0	30
92	Gabe Davis (JAC)	10	20	239	12.0	200	10.0	562	28.1	39	2.0	15	0.8	0	42	11.6%	20	0	9	12	6	0	0	0	22
93	Nelson Agholor (BAL)	13	13	205	15.8	122	9.4	365	28.1	83	6.4	61	4.7	1	28	7.7%	17	4	2	9	4	1	1	1	56
94	Jalen Coker (CAR)	7	17	263	15.5	174	10.2	337	19.8	89	5.2	29	1.7	2	26	6.9%	17	0	4	11	4	1	0	0	31
95	Tyler Boyd (TEN)	12	32	310	9.7	170	5.3	306	9.6	140	4.4	50	1.6	1	43	12.3%	34	2	6	14	3	1	0	0	30
96	DJ Turner (LV)	12	16	158	9.9	75	4.7	255	15.9	83	5.2	23	1.4	2	29	7.0%	17	1	2	7	2	1	0	0	30
97	Lil'Jordan Humphrey (DEN)	13	29	267	9.2	80	2.8	260	9.0	187	6.4	58	2.0	3	42	10.0%	32	3	5	7	5	1	1	0	41
98	Tim Patrick (DET)	11	21	306	14.6	193	9.2	286	13.6	113	5.4	51	2.4	1	26	7.9%	21	0	4	12	6	2	1	0	42
99	David Moore (CAR)	12	24	242	10.1	204	8.5	430	17.9	38	1.6	15	0.6	0	41	10.9%	26	2	8	12	1	0	0	0	21
100	Justin Watson (KC)	12	19	224	11.8	165	8.7	307	16.2	59	3.1	5	0.3	0	25	6.2%	21	2	2	12	1	0	0	0	25
101	Dyami Brown (WAS)	13	20	206	10.3	57	2.9	177	8.9	149	7.5	61	3.1	3	27	7.3%	22	2	4	9	4	1	1	0	41
102	Van Jefferson (PIT)	12	17	221	13.0	149	8.8	357	21.0	72	4.2	17	1.0	0	29	8.9%	17	0	6	9	3	3	1	0	43
103	Adonai Mitchell (IND)	13	20	254	12.7	175	8.8	621	31.1	79	4.0	36	1.8	0	45	12.2%	23	3	4	12	3	2	0	0	33
104	Kendrick Bourne (NE)	8	19	209	11.0	133	7.0	249	13.1	76	4.0	33	1.7	0	27	6.8%	23	4	2	11	1	0	0	0	21
105	Mike Williams (PIT)	13	13	198	15.2	174	13.4	336	25.8	24	1.8	12	0.9	0	22	5.3%	15	2	2	9	4	1	0	0	32
106	Curtis Samuel (BUF)	11	21	185	8.8	99	4.7	208	9.9	86	4.1	17	0.8	1	33	9.7%	22	1	5	7	2	1	0	0	38
107	Tyler Johnson (LAR)	12	22	256	11.6	102	4.6	193	8.8	154	7.0	119	5.4	0	34	8.5%	23	1	8	7	3	2	1	1	63
108	Olamide Zaccheaus (WAS)	13	27	264	9.8	100	3.7	188	7.0	164	6.1	39	1.4	3	38	10.2%	30	3	5	10	2	1	1	0	42
109	Josh Reynolds (FA)	5	12	183	15.3	148	12.3	217	18.1	35	2.9	19	1.6	0	19	4.5%	12	0	2	5	4	2	1	0	49
110	Tylan Wallace (BAL)	13	9	183	20.3	66	7.3	66	7.3	117	13.0	88	9.8	1	9	2.5%	9	0	0	7	2	1	1	1	84
111	Greg Dortch (ARI)	12	25	193	7.7	47	1.9	206	8.2	146	5.8	48	1.9	4	38	10.9%	28	3	4	8	0	0	0	0	16
112	Jalen McMillan (TB)	8	13	145	11.2	99	7.6	362	27.8	46	3.5	15	1.2	0	27	6.7%	16	3	3	6	3	1	0	0	32
113	Ricky Pearsall (SF)	6	11	132	12.0	83	7.5	178	16.2	49	4.5	14	1.3	1	18	5.3%	11	0	2	4	1	1	1	0	46
114	JuJu Smith-Schuster (KC)	9	12	171	14.3	54	4.5	85	7.1	117	9.8	23	1.9	4	16	4.0%	13	1	5	6	2	2	1	1	50
115	Brandin Cooks (DAL)	5	12	107	8.9	88	7.3	348	29.0	19	1.6	2	0.2	0	26	5.6%	12	0	3	5	1	0	0	0	21
116	John Metchie III (HOU)	10	15	165	11.0	108	7.2	189	12.6	57	3.8	10	0.7	0	21	4.9%	15	0	4	7	2	0	0	0	28
117	KhaDarel Hodge (ATL)	12	5	98	19.6	25	5.0	25	5.0	73	14.6	3	0.6	0	6	1.5%	5	0	0	3	2	1	1	0	45
118	Mecole Hardman Jr. (KC)	12	12	90	7.5	-9	-0.8	-14	-1.2	99	8.3	13	1.1	0	14	3.5%	12	0	5	4	0	0	0	0	17
119	Ja'Lynn Polk (NE)	12	12	87	7.3	74	6.2	342	28.5	13	1.1	4	0.3	0	31	7.8%	16	4	3	2	1	0	0	0	21
120	Trey Palmer (TB)	10	10	141	14.1	107	10.7	226	22.6	34	3.4	4	0.4	0	18	4.5%	11	1	1	7	1	0	0	0	25
121	Jordan Whittington (LAR)	10	18	201	11.2	75	4.2	89	4.9	126	7.0	24	1.3	1	23	5.8%	18	0	1	8	2	1	0	0	31
122	Cedrick Wilson Jr. (NO)	10	12	141	11.8	84	7.0	129	10.8	57	4.8	18	1.5	0	15	4.2%	14	2	1	6	1	0	0	0	25
123	Bub Means (NO)	7	9	118	13.1	98	10.9	170	18.9	20	2.2	14	1.6	0	15	4.2%	10	1	1	7	1	1	0	0	36
124	Ashton Dulin (IND)	12	2	67	33.5	24	12.0	154	77.0	43	21.5	8	4.0	1	8	2.2%	3	1	1	2	1	1	1	1	54
125	Luke McCaffrey (WAS)	13	16	155	9.7	72	4.5	133	8.3	83	5.2	24	1.5	1	20	5.4%	17	1	3	5	2	1	0	0	30
126	Jalen Brooks (DAL)	11	10	148	14.8	111	11.1	375	37.5	37	3.7	15	1.5	1	28	6.0%	11	1	3	8	2	1	1	0	41
127	Ryan Miller (TB)	6	7	84	12.0	36	5.1	115	16.4	48	6.9	6	0.9	0	13	3.2%	8	1	1	3	1	1	0	0	39
128	Trent Sherfield Sr. (MIN)	12	7	77	11.0	39	5.6	67	9.6	38	5.4	1	0.1	0	9	2.7%	7	0	1	4	0	0	0	0	17
129	Jahan Dotson (PHI)	12	11	117	10.6	69	6.3	184	16.7	48	4.4	12	1.1	0	19	6.7%	11	0	1	3	2	1	0	0	36
130	Malik Washington (MIA)	9	10	54	5.4	18	1.8	47	4.7	36	3.6	4	0.4	0	15	3.8%	11	1	2	1	0	0	0	0	17
131	K.J. Osborn (NE)	7	7	57	8.1	41	5.9	107	15.3	16	2.3	2	0.3	0	18	4.6%	8	1	3	1	1	0	0	0	22
132	Jonathan Mingo (DAL)	12	14	131	9.4	64	4.6	353	25.2	67	4.8	14	1.0	1	36	9.5%	16	2	1	4	2	1	0	0	35
133	Robert Woods (HOU)	11	11	112	10.2	67	6.1	148	13.5	45	4.1	7	0.6	0	17	4.0%	12	1	1	5	1	1	0	0	32
134	Bo Melton (GB)	12	5	73	14.6	67	13.4	242	48.4	6	1.2	4	0.8	0	12	3.6%	5	0	0	3	1	0	0	0	28
135	Jermaine Burton (CIN)	10	4	107	26.8	85	21.3	296	74.0	22	5.5	13	3.3	0	14	3.3%	5	1	4	3	2	2	2	0	47
136	Rakim Jarrett (TB)	5	7	107	15.3	90	12.9	111	15.9	17	2.4	4	0.6	0	9	2.2%	7	0	1	4	2	1	0	0	30
137	Simi Fehoko (LAC)	8	6	106	17.7	90	15.0	236	39.3	16	2.7	8	1.3	0	16	4.9%	8	2	1	5	2	1	0	0	30
138	Malik Heath (GB)	9	6	41	6.8	31	5.2	31	5.2	10	1.7	4	0.7	0	7	2.1%	6	0	1	1	0	0	0	0	12
139	Mason Tipton (NO)	10	14	99	7.1	72	5.1	320	22.9	27	1.9	7	0.5	1	25	7.0%	16	2	1	2	0	0	0	0	15
140	Xavier Gipson (NYJ)	12	6	39	6.5	17	2.8	112	18.7	22	3.7	6	1.0	0	10	2.4%	7	1	1	2	0	0	0	0	17
141	Kevin Austin Jr. (NO)	3	6	85	14.2	66	11.0	65	10.8	19	3.2	7	1.2	0	7	2.0%	6	0	0	5	1	0	0	0	22
142	Derius Davis (LAC)	10	6	46	7.7	-33	-5.5	1	0.2	79	13.2	17	2.8	1	8	2.5%	6	0	1	2	0	0	0	0	17
143	Parris Campbell (PHI)	5	6	30	5.0	21	3.5	34	5.7	9	1.5	0	0.0	0	8	2.8%	6	0	1	0	0	0	0	0	7
144	Jake Bobo (SEA)	12	10	89	8.9	65	6.5	123	12.3	24	2.4	4	0.4	0	14	3.3%	11	1	1	4	0	0	0	0	15
145	Johnny Wilson (PHI)	11	2	14	7.0	8	4.0	91	45.5	6	3.0	5	2.5	0	8	2.8%	2	0	3	0	0	0	0	0	9
146	Jalen Reagor (LAC)	7	6	96	16.0	71	11.8	120	20.0	25	4.2	1	0.2	0	11	3.4%	6	0	0	4	2	1	1	0	41
147	Xavier Hutchinson (HOU)	12	7	70	10.0	42	6.0	174	24.9	28	4.0	12	1.7	0	18	4.2%	9	2	1	5	0	0	0	0	19
148	Brandon Powell (MIN)	12	6	59	9.8	48	8.0	90	15.0	11	1.8	2	0.3	0	9	2.7%	6	0	0	3	0	0	0	0	13
149	Laviska Shenault Jr. (FA)	11	5	36	7.2	-10	-2.0	-10	-2.0	46	9.2	16	3.2	0	5	1.2%	5	0	0	2	0	0	0	0	18
150	Bryce Oliver (TEN)	5	3	56	18.7	44	14.7	44	14.7	12	4.0	3	1.0	0	3	0.9%	3	0	0	2	1	1	0	0	33
151	Odell Beckham Jr. (MIA)	8	8	54	6.8	41	5.1	164	20.5	13	1.6	3	0.4	0	17	4.3%	9	1	4	1	0	0	0	0	11
152	Jalin Hyatt (NYG)	11	7	53	7.6	47	6.7	261	37.3	6	0.9	2	0.3	0	14	3.6%	9	2	0	1	0	0	0	0	19
153	DeAndre Carter (CHI)	12	9	72	8.0	40	4.4	155	17.2	32	3.6	22	2.4	2	14	3.6%	9	0	3	2	0	0	0	0	14
154	Tyquan Thornton (KC)	6	4	47	11.8	23	5.8	126	31.5	24	6.0	14	3.5	1	8	2.0%	4	0	1	3	0	0	0	0	17
155	Michael Woods II (CLE)	1	3	43	14.3	26	8.7	52	17.3	17	5.7	8	2.7	0	5	1.1%	3	0	1	3	0	0	0	0	16
156	Dante Pettis (NO)	3	3	22	7.3	7	2.3	1	0.3	15	5.0	3	1.0	1	4	1.1%	3	0	0	0	0	0	0	0	9
157	Treylon Burks (TEN)	5	4	34	8.5	29	7.3	135	33.8	5	1.3	5	1.3	1	8	2.3%	6	2	0	2	0	0	0	0	13
158	Britain Covey (PHI)	5	7	34	4.9	6	0.9	9	1.3	28	4.0	3	0.4	0	8	2.8%	8	1	2	1	0	0	0	0	11
159	Devin Duvernay (JAC)	8	3	22	7.3	-1	-0.3	119	39.7	23	7.7	8	2.7	0	7	1.9%	4	1	1	1	0	0	0	0	18
160	Alex Bachman (LV)	5	3	31	10.3	21	7.0	21	7.0	10	3.3	4	1.3	0	3	0.7%	3	0	0	2	0	0	0	0	18
161	Scotty Miller (PIT)	9	2	31	15.5	9	4.5	59	29.5	22	11.0	24	12.0	1	4	1.2%	2	0	0	2	1	0	0	0	20
162	Tim Jones (JAC)	11	2	30	15.0	13	6.5	29	14.5	17	8.5	0	0.0	0	4	1.1%	2	0	0	2	1	0	0	0	20
163	David Bell (CLE)	1	3	27	9.0	19	6.3	19	6.3	8	2.7	6	2.0	0	3	0.7%	3	0	1	1	0	0	0	0	12
164	Ryan Flournoy (DAL)	7	4	44	11.0	26	6.5	52	13.0	18	4.5	7	1.8	0	6	1.3%	5	1	0	3	0	0	0	0	15
165	Ronnie Bell (SF)	8	2	22	11.0	20	10.0	65	32.5	2	1.0	2	1.0	0	6	1.8%	4	2	1	2	0	0	0	0	12
166	Jamari Thrash (CLE)	5	3	22	7.3	8	2.7	8	2.7	14	4.7	2	0.7	0	3	0.7%	3	0	0	1	0	0	0	0	11
167	Malachi Corley (NYJ)	7	3	16	5.3	11	3.7	50	16.7	5	1.7	2	0.7	0	6	1.4%	3	0	2	1	0	0	0	0	10
168	Trenton Irwin (FA)	7	3	15	5.0	11	3.7	62	20.7	4	1.3	0	0.0	0	10	2.3%	4	1	6	0	0	0	0	0	6
169	Deven Thompkins (CAR)	4	3	13	4.3	-14	-4.7	-14	-4.7	27	9.0	10	3.3	0	3	0.8%	3	0	1	1	0	0	0	0	12
170	Allen Robinson II (DET)	8	2	9	4.5	7	3.5	25	12.5	2	1.0	0	0.0	0	5	1.5%	3	1	0	0	0	0	0	0	7
171	Ainias Smith (PHI)	5	3	6	2.0	-1	-0.3	-1	-0.3	7	2.3	0	0.0	0	3	1.1%	3	0	0	0	0	0	0	0	5
172	Robbie Chosen (FA)	2	1	5	5.0	4	4.0	47	47.0	1	1.0	0	0.0	0	4	1.0%	1	0	2	0	0	0	0	0	5
173	Chris Conley (SF)	10	1	4	4.0	4	4.0	156	156.0	0	0.0	0	0.0	0	7	2.1%	1	0	1	0	0	0	0	0	4
174	Braxton Berrios (MIA)	6	0	0	0.0	0	0.0	26	0.0	0	0.0	0	0.0	0	4	1.0%	0	0	1	0	0	0	0	0	0